4294967293,131
4294967293,130
4294967293,129
4294967293,128
4294967293,127
4294967293,126
4294967293,125
4294967293,124
4294967293,123
4294967293,122
4294967293,121
4294967293,120
4294967293,119
4294967293,118
4294967293,117
4294967293,116
4294967293,115
4294967293,114
4294967293,113
4294967293,112
4294967293,111
4294967293,110
4294967293,109
4294967293,108
4294967293,107
4294967293,106
4294967293,105
4294967293,104
4294967293,103
4294967293,102
4294967293,101
4294967293,100
4294967293,99
4294967293,98
4294967293,97
4294967293,96
4294967293,95
4294967293,94
4294967293,93
4294967293,92
4294967293,91
4294967293,90
4294967293,89
4294967293,87
4294967293,86
4294967293,85
4294967293,84
4294967293,83
4294967293,82
4294967293,81
4294967293,80
4294967293,79
4294967293,78
4294967293,77
4294967293,76
4294967293,75
4294967293,74
4294967293,73
4294967293,72
4294967293,71
4294967293,70
4294967293,69
4294967293,68
4294967293,67
4294967293,66
4294967293,65
4294967293,64
4294967293,63
4294967293,62
4294967293,61
4294967293,60
4294967293,59
4294967293,58
4294967293,57
4294967293,56
4294967293,55
4294967293,54
4294967293,53
4294967293,52
4294967293,51
4294967293,50
4294967293,49
4294967293,48
4294967293,47
4294967293,46
4294967293,45
4294967293,44
4294967293,43
4294967293,42
4294967293,41
4294967293,40
4294967293,39
4294967293,38
4294967293,37
4294967293,36
4294967293,35
4294967293,34
4294967293,33
4294967293,32
4294967293,31
4294967293,30
4294967293,29
4294967293,28
4294967293,27
4294967293,26
4294967293,25
4294967293,24
4294967293,23
4294967293,22
4294967293,21
4294967293,20
4294967293,19
4294967293,18
4294967293,17
4294967293,16
4294967293,15
4294967293,14
4294967293,13
4294967293,12
4294967293,11
4294967293,10
4294967293,9
4294967293,8
4294967293,7
4294967293,6
4294967293,5
4294967293,4
4294967293,3
4294967278,309
4294967278,344
4294967278,343
4294967278,308
4294967278,129
4294967278,307
4294967278,342
4294967278,341
4294967278,340
4294967278,339
4294967278,338
4294967278,123
4294967278,337
4294967278,336
4294967278,233
4294967278,232
4294967278,335
4294967278,334
4294967278,333
4294967278,116
4294967278,332
4294967278,331
4294967278,330
4294967278,329
4294967278,110
4294967278,358
4294967278,109
4294967278,357
4294967278,108
4294967278,328
4294967278,107
4294967278,327
4294967278,326
4294967278,325
4294967278,100
4294967278,305
4294967278,304
4294967278,303
4294967278,302
4294967278,301
4294967278,300
4294967278,94
4294967278,299
4294967278,298
4294967278,297
4294967278,296
4294967278,295
4294967278,89
4294967278,294
4294967278,293
4294967278,86
4294967278,292
4294967278,198
4294967278,84
4294967278,197
4294967278,196
4294967278,82
4294967278,195
4294967278,81
4294967278,194
4294967278,80
4294967278,290
4294967278,192
4294967278,78
4294967278,191
4294967278,77
4294967278,289
4294967278,189
4294967278,75
4294967278,188
4294967278,288
4294967278,73
4294967278,186
4294967278,185
4294967278,71
4294967278,287
4294967278,286
4294967278,69
4294967278,285
4294967278,68
4294967278,284
4294967278,67
4294967278,283
4294967278,179
4294967278,178
4294967278,282
4294967278,176
4294967278,62
4294967278,175
4294967278,281
4294967278,60
4294967278,172
4294967278,59
4294967278,171
4294967278,58
4294967278,170
4294967278,57
4294967278,169
4294967278,279
4294967278,55
4294967278,167
4294967278,166
4294967278,278
4294967278,164
4294967278,163
4294967278,277
4294967278,49
4294967278,276
4294967278,2
4294967278,160
4294967278,275
4294967278,157
4294967278,274
4294967278,273
4294967278,43
4294967278,272
4294967278,42
4294967278,271
4294967278,41
4294967278,270
4294967278,40
4294967278,269
4294967278,39
4294967278,268
4294967278,174
4294967278,260
4294967278,267
4294967278,37
4294967278,351
4294967278,35
4294967278,350
4294967278,32
4294967278,349
4294967278,31
4294967278,365
4294967278,29
4294967278,364
4294967278,28
4294967278,363
4294967278,27
4294967278,138
4294967278,26
4294967278,362
4294967278,25
4294967278,134
4294967278,22
4294967278,361
4294967278,20
4294967278,348
4294967278,19
4294967278,0
4294967278,346
4294967278,347
4294967278,16
4294967278,360
4294967278,13
4294967278,359
4294967278,7
4294967278,345
4294967278,4
4294967279,305
4294967279,131
4294967279,373
4294967279,130
4294967279,304
4294967279,129
4294967279,340
4294967279,126
4294967279,339
4294967279,123
4294967279,232
4294967279,231
4294967279,120
4294967279,372
4294967279,117
4294967279,116
4294967279,338
4294967279,114
4294967279,337
4294967279,113
4294967279,336
4294967279,112
4294967279,335
4294967279,110
4294967279,371
4294967279,109
4294967279,334
4294967279,108
4294967279,370
4294967279,107
4294967279,333
4294967279,105
4294967279,332
4294967279,104
4294967279,331
4294967279,103
4294967279,330
4294967279,102
4294967279,369
4294967279,101
4294967279,302
4294967279,100
4294967279,301
4294967279,300
4294967279,98
4294967279,299
4294967279,298
4294967279,96
4294967279,297
4294967279,95
4294967279,296
4294967279,94
4294967279,295
4294967279,93
4294967279,294
4294967279,293
4294967279,91
4294967279,292
4294967279,90
4294967279,291
4294967279,199
4294967279,87
4294967279,198
4294967279,86
4294967279,197
4294967279,85
4294967279,290
4294967279,289
4294967279,288
4294967279,82
4294967279,287
4294967279,192
4294967279,80
4294967279,191
4294967279,79
4294967279,286
4294967279,189
4294967279,77
4294967279,188
4294967279,76
4294967279,285
4294967279,75
4294967279,186
4294967279,74
4294967279,185
4294967279,73
4294967279,283
4294967279,183
4294967279,71
4294967279,182
4294967279,70
4294967279,181
4294967279,69
4294967279,180
4294967279,68
4294967279,179
4294967279,67
4294967279,178
4294967279,66
4294967279,282
4294967279,176
4294967279,64
4294967279,175
4294967279,63
4294967279,281
4294967279,62
4294967279,172
4294967279,61
4294967279,171
4294967279,60
4294967279,280
4294967279,59
4294967279,279
4294967279,58
4294967279,278
4294967279,57
4294967279,167
4294967279,56
4294967279,166
4294967279,55
4294967279,277
4294967279,164
4294967279,53
4294967279,163
4294967279,52
4294967279,276
4294967279,161
4294967279,50
4294967279,160
4294967279,49
4294967279,275
4294967279,158
4294967279,47
4294967279,274
4294967279,273
4294967279,45
4294967279,272
4294967279,271
4294967279,270
4294967279,42
4294967279,269
4294967279,268
4294967279,40
4294967279,267
4294967279,266
4294967279,38
4294967279,265
4294967279,37
4294967279,367
4294967279,35
4294967279,374
4294967279,32
4294967279,366
4294967279,30
4294967279,365
4294967279,29
4294967279,364
4294967279,28
4294967279,363
4294967279,27
4294967279,2
4294967279,26
4294967279,362
4294967279,25
4294967279,361
4294967279,24
4294967279,360
4294967279,23
4294967279,359
4294967279,22
4294967279,358
4294967279,21
4294967279,357
4294967279,20
4294967279,356
4294967279,19
4294967279,355
4294967279,18
4294967279,354
4294967279,17
4294967279,353
4294967279,16
4294967279,352
4294967279,15
4294967279,351
4294967279,14
4294967279,350
4294967279,13
4294967279,349
4294967279,12
4294967279,346
4294967279,348
4294967279,11
4294967279,347
4294967279,10
4294967279,345
4294967279,9
4294967279,344
4294967279,8
4294967279,174
4294967279,0
4294967279,260
4294967279,343
4294967279,7
4294967279,342
4294967279,6
4294967279,341
4294967279,5
4294967279,306
4294967279,4
4294967294,531
4294967294,387
4294967294,537
4294967294,187
4294967294,656
4294967294,885
4294967294,651
4294967294,571
21,0
4294967294,650
4294967294,1303
4294967294,183
4294967294,575
4294967294,570
4294967294,557
4294967294,1052
4294967294,539
4294967294,555
4294967294,833
4294967294,385
4294967294,144
4294967294,143
4294967294,142
4294967294,141
4294967294,140
4294967294,138
4294967294,139
4294967294,137
4294967294,136
4294967294,135
4294967294,134
4294967294,133
4294967294,132
4294967294,131
4294967294,130
4294967294,129
4294967294,128
4294967294,764
4294967294,836
4294967294,728
4294967294,708
4294967294,1283
4294967294,706
4294967294,712
4294967294,761
4294967294,538
4294967294,710
4294967294,763
4294967294,59
4294967294,58
4243767290,0
4294967294,463
4294967294,634
4294967294,462
4294967294,461
4294967294,460
4294967294,459
4294967294,363
4294967294,362
4294967294,361
4294967294,360
4294967294,359
4294967294,358
4294967294,357
4294967294,356
4294967294,355
4294967294,354
4294967294,353
4294967294,352
4294967294,351
4294967294,350
4294967294,349
4294967294,348
4294967294,347
4294967294,4
4294967279,99
4294967278,412
4294967278,95
4294967279,92
4294967279,89
4294967294,122
4294967294,121
4294967278,87
4294967279,83
4294967294,119
4294967294,108
4294967294,709
4294967279,81
4294967279,88
4294967294,1319
4294967294,1318
4294967279,414
4294967294,1317
4294967294,1316
4294967294,1315
4294967279,413
4294967294,1314
4294967294,1313
4294967294,1311
4294967294,1312
4294967294,1304
4294967294,1310
4294967294,1301
4294967294,1308
4294967279,412
4294967294,1307
4294967294,1305
4294967294,1064
4294967294,1300
4294967294,1299
4294967294,1783
4294967294,1782
4294967294,1781
4294967294,1780
4294967294,1779
4294967294,1778
4294967294,1777
4294967294,1776
4294967294,1775
4294967294,1774
4294967294,1773
4294967294,1772
4294967294,1771
4294967294,1770
4294967294,1769
4294967294,1768
4294967294,1767
4294967294,1766
4294967294,1765
4294967294,1764
4294967294,1763
4294967294,1762
4294967294,1761
4294967294,1760
4294967294,1759
4294967294,1758
4294967294,1757
4294967294,1756
4294967294,1078
4294967294,1755
4294967294,1297
4294967294,1754
4294967294,1077
4294967294,1753
4294967294,1752
4294967294,1751
4294967294,1750
4294967294,1749
4294967294,1748
4294967294,1747
4294967294,1746
4294967294,1745
4294967294,1744
4294967294,1743
4294967294,1742
4294967294,1741
4294967294,1740
4294967294,1739
4294967294,1738
4294967294,1737
4294967294,1736
4294967294,1735
4294967294,1734
4294967294,1733
4294967294,1732
4294967294,1731
4294967294,1730
4294967294,1729
4294967294,1728
4294967294,1296
4294967294,1295
4294967294,1294
4294967294,1293
4294967294,1292
4294967294,1291
4294967294,1290
4294967294,894
4294967294,540
4294967294,1087
4294967294,1086
4294967294,1085
4294967294,1084
4294967294,1083
4294967294,1082
4294967294,1081
4294967294,1080
4294967294,1079
4294967294,1060
4294967294,1076
4294967294,1075
4294967294,1074
4294967294,1073
4294967294,1072
4294967294,1071
4294967294,1070
4294967294,1069
4294967294,1068
4294967294,1067
4294967294,1066
4294967294,1298
4294967294,1065
4294967278,411
4294967294,1288
4294967294,1289
4294967294,1063
4294967294,1286
4294967294,1287
4294967294,1062
4294967294,1061
4294967278,70
4294967294,1306
4294967294,1309
4294967294,1059
4294967278,410
4294967294,1690
4294967294,1689
4294967294,1688
4294967294,1687
4294967294,1686
4294967294,1685
4294967278,63
4294967278,61
4294967278,409
4294967294,1684
4294967294,1683
4294967294,1682
4294967278,56
4294967278,54
4294967278,408
4294967294,1681
4294967278,52
4294967278,407
4294967278,406
4294967294,1680
4294967294,1679
4294967294,1678
4294967294,1677
4294967294,1676
4294967278,45
4294967294,1675
4294967294,1674
4294967278,44
4294967294,1673
4294967294,1672
4294967294,1671
4294967294,1670
4294967294,1669
4294967294,1668
4294967294,1667
4294967294,1666
4294967294,1665
4294967294,633
4294967279,39
4294967278,405
4294967278,36
4294967279,411
4294967279,36
4294967278,404
4294967278,34
4294967279,410
4294967294,632
4294967279,409
4294967279,408
4294967294,458
4294967294,1058
4294967294,663
4294967279,137
4294967294,631
4294967279,407
4294967278,403
4294967278,133
4294967294,1057
4294967294,647
4294967278,402
4294967278,21
4294967294,109
4294967294,630
4294967294,1056
4294967294,446
4294967278,401
4294967278,400
4294967278,15
4294967279,406
4294967294,629
4294967294,1055
4294967294,388
4294967279,405
4294967294,1054
4294967279,404
4294967278,399
4294967278,11
4294967294,628
4294967278,398
4294967278,10
4294967294,1053
4294967278,397
4294967278,5
4294967294,627
4294967294,1051
4294967278,131
4294967279,403
4294967278,128
4294967294,626
4294967279,402
4294967279,128
4294967278,125
4294967279,401
4294967294,625
4294967278,122
4294967294,1050
4294967294,35
4294967294,34
4294967294,33
4294967294,32
